1 0 0 0 0 0 1 1 0 !on (1)|off(0) flags for elev  air pressure  windx  windy  T  S  u  v  w
28
1 -111.510753339201 58.3119410561586 0
2 -111.508561533514 58.3183844367316 0
3 -111.50819183135 58.3203913913363 0
4 -111.50808620216 58.3227152335102 0
5 -111.509168901355 58.3266499208273 0
6 -111.513394068944 58.3307166446315 0
7 -111.517143905179 58.3333045597797 0
8 -111.523481656562 58.3360509187124 0
9 -111.529185632807 58.3393782381886 0
10 -111.532512952283 58.3415436365779 0
11 -111.537160636631 58.3464025793051 0
12 -111.539590107995 58.3508918198682 0
13 -111.541332989625 58.3545888415084 0
14 -111.541913950168 58.3578633463898 0
15 -111.54128017503 58.3611378512711 0
16 -111.539167591236 58.3639370247987 0
17 -111.536421232303 58.3671587150852 0
18 -111.532248879309 58.3703275907768 0
19 -111.528287784694 58.3726514329507 0
20 -111.523640100347 58.3757674940475 0
21 -111.52247817926 58.3796229594723 0
22 -111.521844404121 58.3831087227331 0
23 -111.523455249265 58.3863304130195 0
24 -111.524775614136 58.3878356289731 0
25 -111.527125863608 58.3913742068287 0
26 -111.528631079561 58.3941337694102 0
27 -111.529119614563 58.3955729671201 0
28 -111.529344076592 58.395995483879 0
